26.05 
26.05 
26.18 
26.05 
26.09 
26.05 
26.07 
26.18 
26.25 
26.03 
26.14 
26.16 
26.05 
26.20 
26.18 
26.05 
26.11 
26.07 
26.09 
26.05 
26.18 
26.27 
26.16 
26.18 
26.14 
26.25 
26.29 
26.20 
26.29 
26.18 
26.27
26.31 
26.34 
26.20 
26.45 
26.25 
26.27 
26.40 
26.29 
26.38 
26.43 
26.38 
26.38 
26.40 
26.36 
26.47 
26.47 
26.51 
26.54 
26.56 
26.45 
26.51 
26.54 
26.71 
26.69 
26.60 
26.54 
26.60 
26.74
26.76 
26.69 
26.69 
26.71 
26.74 
26.80 
26.80 
26.87 
26.76 
27.00 
27.00 
26.87 
27.00 
26.98 
26.98 
27.05 
27.41 
27.16 
27.18 
27.18 
27.32 
27.18 
27.43 
27.43 
27.47 
27.47 
27.45
27.50 
27.50 
27.59 
27.47 
27.74 
27.72 
27.77 
27.74 
27.90 
27.95 
27.86 
27.95 
27.88 
28.13 
28.08 
28.13 
28.08 
28.15 
28.19 
28.19 
28.19 
28.19 
28.24 
28.53 
28.44 
28.51 
28.40 
28.69
28.62 
28.76 
28.71 
28.78 
28.80 
28.76 
28.90 
28.92 
29.03 
28.99 
28.92 
29.19 
29.05 
29.12 
29.12 
29.31 
29.42 
29.37 
29.47 
29.51 
29.60 
29.42 
29.65 
29.65 
29.65 
29.65 
29.65 
29.76
29.85 
29.90 
29.95 
29.88 
30.22 
30.06 
30.32 
30.15 
30.38 
30.36 
30.38 
30.41 
30.45 
30.62 
30.50 
30.64 
30.71 
30.78 
30.78 
30.75 
30.89 
30.89 
30.92 
30.99 
31.01 
31.15 
31.24 
31.17
31.38 
31.48 
31.29 
31.38 
31.36 
31.41 
31.50 
31.59 
31.59 
31.66 
31.88 
31.85 
31.88 
31.92 
32.04 
32.14 
32.14 
32.23 
32.23 
32.40 
32.35 
32.32
32.51 
32.63 
32.61 
32.56 
32.68 
32.80 
32.66 
32.75 
32.99 
33.25 
33.16 
33.11 
33.16 
33.16 
33.40 
33.42 
33.52 
33.52 
33.64 
33.61 
33.76 
33.64 
33.83 
33.90 
33.85 
34.10 
34.05 
34.19
34.19 
34.27 
34.29 
34.44 
34.56 
34.51 
34.49 
34.66 
34.53 
34.78 
34.85 
34.71 
34.93 
35.05 
35.15 
34.98 
35.20 
35.30 
35.35 
35.37 
35.39 
35.49 
35.47 
35.64 
35.49 
35.67 
35.74 
35.82
35.79 
35.82 
36.14 
36.17 
36.17 
36.17 
36.49 
36.37 
36.52 
36.52 
36.97 
36.97 
36.97 
36.97 
36.97 
37.05 
37.23 
37.20 
37.33 
37.23 
37.28 
37.35 
37.61 
37.61 
37.69 
37.66 
37.92
37.74 
38.02 
38.15 
38.05 
38.20 
38.23 
38.26 
38.26 
38.46 
38.52 
38.78 
38.52 
38.52 
38.75 
38.88 
38.67 
38.88 
38.99 
39.12 
38.96 
39.28 
39.28 
39.20 
39.41 
39.67 
39.57 
39.54 
39.59
39.78 
39.86 
39.89 
39.73 
39.91 
39.89 
39.99 
40.29 
40.10 
40.29 
40.42 
40.37 
40.37 
40.53 
40.59 
40.75 
40.72 
40.86 
40.86 
40.89 
41.10 
41.21 
41.16 
41.43 
41.21 
41.43 
41.52 
41.57
41.54 
41.60 
41.87 
41.85 
41.76 
41.99 
41.87 
42.01 
41.99 
42.13 
42.35 
42.15 
42.43 
42.49 
42.46 
42.52 
42.77 
42.80 
42.80 
42.74 
42.86 
43.11 
43.14 
42.94 
43.25 
43.34
43.34 
43.40 
43.40 
43.51 
43.48 
43.60 
43.54 
43.57 
43.86 
43.60 
43.89 
43.94 
44.12 
44.15 
44.24 
44.03 
44.29 
44.41 
44.18 
44.32 
44.64 
44.50 
44.70 
44.67
44.94 
44.94 
44.88 
45.12 
44.91 
45.27 
45.27 
45.27 
45.21 
45.30 
45.54 
45.27 
45.42 
45.27 
45.36 
45.60 
45.72 
45.84 
45.75 
45.84 
45.93 
46.08 
46.11 
46.08 
46.02 
46.23 
46.26 
46.26
46.44 
46.51 
46.41 
46.69 
46.87 
46.75 
46.84 
46.78 
46.72 
47.03 
47.22 
47.25 
47.56 
47.25 
47.22 
47.53 
47.43 
47.56 
47.62 
47.53 
47.68 
47.68 
47.68 
47.81 
47.78 
47.81 
48.00
48.22 
47.84 
48.22 
48.22 
48.19 
48.29 
48.51 
48.57 
48.67 
48.32 
48.64 
48.64 
48.74 
48.83 
49.03 
48.83 
48.99 
48.96 
49.25 
49.03 
49.22 
49.25 
49.29 
49.19 
49.32 
49.25 
49.58 
49.39
49.61 
49.81 
49.61 
49.85 
50.01 
49.95 
49.88 
49.98 
50.18 
49.88 
50.28 
50.31 
50.31 
50.41 
50.31 
50.51 
50.31 
50.65 
50.48 
50.78 
50.51 
50.75 
50.88 
50.88 
50.78 
50.99 
51.23
51.09 
51.09 
51.19 
51.40 
51.16 
51.09 
51.40 
51.40 
51.99 
51.99 
52.02 
51.60 
51.50 
51.99 
51.99 
52.41 
52.27 
52.27 
52.51 
52.51 
52.51 
52.65 
52.62 
52.51 
52.58 
52.87 
52.76 
52.90 
53.05
53.05 
53.05 
53.12 
53.26 
53.15 
53.15 
53.15 
53.26 
53.30 
53.41 
53.55 
55.64 
53.66 
53.77 
53.77 
53.66 
53.99 
54.10 
54.06 
53.84 
53.84 
53.99 
54.10 
54.21 
53.88 
54.39 
54.62
54.43 
54.43 
54.47 
54.58 
54.54 
54.73 
54.84 
54.80 
54.84 
54.88 
54.84 
54.88 
56.10 
54.92 
55.45 
55.03 
55.07 
55.41 
55.67 
55.18 
55.33 
55.91 
55.22 
56.45 
56.21 
55.71 
55.56
55.33 
55.75 
55.71 
56.06 
55.94 
56.06 
55.98 
56.18 
56.41 
56.06 
56.41 
56.49 
55.64 
56.18 
56.33 
56.25 
56.68 
55.64 
56.64 
55.83 
57.20 
56.84 
57.04 
56.57 
57.32 
57.12 
56.29 
57.20
57.92 
56.80 
56.06 
57.36 
57.28 
57.32 
57.44 
57.92 
57.68 
57.40 
57.32 
57.44 
57.68 
57.12 
57.52 
58.33 
58.09 
59.72 
57.96 
57.84 
57.88 
57.92 
57.28 
57.84 
58.21 
58.21 
58.58 
58.42
58.25 
58.75 
58.66 
58.54 
58.46 
58.58 
58.42 
60.54 
58.87 
59.21 
59.25 
58.91 
58.58 
60.45 
59.12 
58.83 
58.83 
59.29 
59.21 
59.16 
59.16 
59.42 
59.29 
59.97 
59.72 
59.29 
59.67 
59.59
60.80 
59.29 
59.97 
59.29 
59.59 
59.80 
59.97 
59.93 
59.97 
59.67 
59.97 
60.28 
60.10 
60.10 
60.15 
59.67 
59.97 
60.54 
62.14 
60.62 
60.62 
59.97 
60.41 
60.36 
61.78 
60.45 
60.80 
60.32
61.42 
60.45 
60.93 
62.05 
61.29 
60.76 
59.67 
62.14 
60.19 
60.71 
61.20 
60.89 
60.58 
61.38 
61.60 
63.54 
60.80 
61.29 
61.29 
61.02 
61.92 
59.59 
61.78 
61.60 
61.38 
62.19 
61.96 
62.05
62.60 
60.67 
61.38 
62.83 
62.14 
61.33 
63.07 
62.01 
62.05 
62.51 
62.70 
62.01 
62.37 
61.64 
62.70 
62.33 
62.74 
61.96 
63.54 
62.14 
63.64 
62.97 
62.60 
63.45 
62.70 
63.07 
62.33 
63.26
62.70 
63.12 
62.65 
64.41 
62.51 
63.87 
63.07 
64.36 
63.87 
63.64 
63.68 
62.79 
63.83 
64.80 
62.88 
62.83 
63.30 
64.07 
65.29 
64.36 
62.83 
64.07 
62.56 
63.78 
65.04 
64.02 
64.36 
65.24
64.36 
69.14 
63.49 
64.36 
63.59 
65.95 
64.90 
62.74 
64.26 
63.59 
63.54 
63.26 
64.94 
64.31 
64.36 
66.62 
65.69 
63.73 
72.79 
66.05 
64.26 
66.00 
72.11 
65.95 
64.75 
64.94 
64.11
65.24 
63.59 
64.50 
65.09 
66.10 
65.74 
62.42 
65.19 
65.49 
64.60 
65.54 
64.85 
63.97 
65.44 
66.41 
65.74 
64.41 
71.03 
63.07 
69.09 
66.67 
64.60 
66.05 
63.30 
67.08 
66.10 
64.90 
65.80
65.90 
65.69 
65.95 
65.85 
65.95 
65.09 
66.46 
66.20 
68.48 
66.72 
65.95 
64.36 
66.51 
63.49 
66.72 
67.24 
65.64 
67.24 
67.24 
66.56 
66.62 
73.16 
65.95 
67.03 
65.95 
67.40 
65.44 
68.32
66.00 
63.59 
66.62 
65.64 
65.95 
67.67 
67.77 
66.20 
67.45 
64.60 
67.35 
65.59 
66.82 
64.90 
68.26 
66.20 
68.70 
66.93 
65.14 
67.77 
64.90 
68.42 
66.67 
67.99 
70.57 
67.61 
66.51 
68.37
67.40 
70.22 
66.41 
68.75 
69.65 
68.64 
71.75 
67.61 
72.98 
68.21 
69.70 
68.42 
69.37 
69.09 
66.51 
68.15 
67.19 
66.72 
67.61 
67.61 
78.83 
70.68 
68.70 
70.57 
68.10 
68.48 
68.86 
71.09 
67.77 
67.61
70.33 
68.86 
68.97 
67.35 
68.70 
67.61 
70.10 
67.77 
67.14 
69.37 
68.48 
67.03 
69.48 
71.03 
67.56 
68.86 
74.97 
68.86 
67.45 
67.88 
67.08 
68.15 
67.61 
63.92 
67.88 
66.77 
67.08
67.30 
74.90 
66.25 
68.64 
69.53 
68.32 
67.94 
68.10 
73.67 
69.25 
69.37 
68.32 
68.48 
68.81 
68.32 
67.61 
70.28 
74.84 
69.37 
67.77 
69.70 
67.40 
72.05 
67.08 
67.61 
67.14 
67.67 
67.51
67.51 
76.60 
70.80 
66.82 
71.75 
67.72 
71.21 
67.61 
70.05 
69.37 
68.37 
69.37 
66.88 
67.67 
67.40 
68.04 
68.37 
72.05 
71.27 
70.33 
71.99 
68.81 
67.61 
66.82 
66.93 
66.77 
67.24 
68.37
69.87 
67.72 
68.37 
68.75 
66.88 
67.35 
70.05 
69.25 
66.88 
66.93 
66.82 
67.61 
66.56 
67.45 
67.61 
67.94 
67.77 
70.68 
67.30 
66.31 
67.67 
67.61 
70.68 
67.14 
69.20 
66.82 
67.56 
67.61
67.03 
73.93 
67.51 
67.61 
71.75 
67.30 
71.51 
71.93 
77.23 
70.22 
66.82 
69.20 
68.15 
68.75 
67.14 
68.53 
66.88 
68.86 
67.30 
67.61 
67.30 
66.67 
69.14 
67.61 
70.45 
68.97 
67.14
70.86 
67.19 
67.94 
68.81 
67.77 
71.81 
67.61 
69.87 
68.86 
70.57 
68.26 
67.24 
66.93 
69.42 
67.40 
68.64 
77.23 
67.56 
68.21 
67.24 
68.64 
76.39 
69.87 
66.67 
69.48 
68.21 
67.30 
69.37
67.14 
67.72 
67.56 
68.26 
67.77 
67.61 
66.88 
69.31 
73.23 
70.92 
72.30 
68.26 
67.72 
67.61 
69.03 
69.20 
69.14 
67.14 
67.61 
69.09 
67.88 
67.35 
69.20 
67.61 
69.37 
68.53 
66.98 
68.21
70.22 
69.37 
68.48 
67.83 
69.03 
67.40 
68.15 
67.56 
68.04 
69.37 
69.65 
68.81 
68.42 
69.53 
67.88 
68.97 
67.61 
72.17 
71.57 
67.61 
67.61 
67.99 
66.93 
68.10 
67.61 
68.21 
67.77
69.93 
66.98 
69.25 
68.15 
68.21 
69.37 
67.88 
67.77 
68.26 
67.61 
68.70 
67.51 
69.31 
69.37 
67.72 
68.32 
67.24 
68.48 
69.99 
68.42 
69.25 
67.61 
66.82 
67.24 
76.39 
68.70 
67.61 
67.99
67.56 
67.45 
78.31 
66.93 
68.97 
71.27 
67.61 
67.61 
68.32 
66.67 
67.51 
69.37 
70.10 
68.86 
69.53 
66.93 
67.30 
68.48 
67.35 
67.24 
66.93 
67.94 
66.77 
67.77 
70.57 
68.37 
67.35 
67.61
67.24 
67.35 
67.72 
76.39 
68.15 
68.97 
73.80 
67.40 
67.72 
67.94 
68.48 
65.09 
69.82 
67.72 
65.59 
65.85 
69.53 
65.19 
65.19 
65.19 
65.80 
65.24 
65.64 
69.37 
64.99 
68.37 
65.85 
67.51
66.88 
65.34 
69.65 
65.44 
65.85 
67.03 
68.32 
69.53 
68.32 
68.48 
71.21 
65.74 
68.81 
67.94 
71.33 
68.97 
65.59 
69.37 
65.80 
68.97 
65.39 
81.06 
69.42 
67.61 
68.81 
65.64 
67.77 
67.56
65.95 
67.99 
66.72 
67.67 
66.51 
66.51 
66.62 
67.24 
65.64 
67.61 
65.39 
65.44 
64.85 
67.94 
64.80 
63.49 
62.05 
66.10 
63.73 
62.97 
62.88 
62.79 
62.65 
62.60 
62.70 
62.01 
61.73
61.64 
62.05 
61.33 
60.84 
60.76 
61.42 
60.36 
60.10 
61.29 
59.93 
60.15 
59.67 
59.67 
59.00 
59.72 
58.62 
58.50 
58.33 
57.84 
58.87 
58.09 
58.54 
58.33 
58.01 
57.88 
57.92 
57.28
57.32 
57.32 
57.12 
56.80 
56.10 
56.76 
55.52 
55.41 
55.83 
55.37 
54.69 
55.33 
55.41 
54.69 
54.73 
55.22 
54.84 
53.77 
54.36 
54.25 
53.55 
53.66 
53.66
53.59 
52.97 
53.19 
53.44 
52.83 
53.01 
52.72 
52.62 
52.02 
52.23 
51.99 
52.02 
51.99 
51.99 
51.99 
51.16 
50.78 
51.33 
50.51 
51.02 
50.31 
50.31 
50.24 
50.38 
49.78 
49.88 
49.68 
49.48
50.08 
49.78 
49.12 
49.25 
49.16 
48.90 
49.32 
49.12 
48.45 
48.93 
48.29 
48.29 
48.22 
48.64 
48.22 
47.62 
48.25 
47.65 
47.91 
47.91 
47.72 
47.50 
47.56 
47.00 
47.37 
46.81 
47.22 
47.12
47.06 
47.18 
46.32 
46.05 
46.51 
46.51 
46.35 
45.96 
46.23 
46.14 
45.78 
45.96 
45.48 
45.30 
45.60 
45.24 
45.48 
44.94 
45.27 
44.88 
44.67 
44.70 
44.50 
44.47 
44.50 
44.29 
44.73 
44.15
44.47 
44.12 
44.32 
43.89 
43.66 
43.68 
43.57 
43.54 
43.43 
43.80 
43.86 
43.60 
43.80 
43.51 
43.17 
42.91 
43.37 
43.31 
42.94 
43.20 
42.91 
42.55 
43.08 
42.97 
42.80 
42.29 
42.43
42.52 
42.49 
42.52 
42.01 
42.46 
41.87 
42.38 
42.46 
41.74 
41.68 
42.01 
42.07 
41.96 
41.87 
41.60 
41.71 
41.60 
41.16 
41.19 
41.02 
41.35 
40.86 
41.08 
40.86
40.97 
41.16 
40.64 
41.19 
40.99 
40.86 
40.32 
40.59 
40.40 
40.64 
40.72 
40.75 
40.72 
40.16 
40.61 
40.24 
40.53 
40.32 
40.42 
40.29 
39.89 
39.73 
39.78 
40.02 
39.89 
39.94 
40.16 
39.94
39.38 
39.46 
39.86 
39.78 
39.83 
39.30 
39.36 
39.14 
39.62 
39.01 
39.54 
39.49 
39.57 
38.96 
39.30 
38.91 
39.17 
39.09 
38.86 
39.25 
38.83 
38.96 
39.01 
38.54 
38.59 
38.52 
38.91 
38.44
38.93 
38.26 
38.83 
38.59 
38.18 
38.65 
38.65 
38.18 
38.18 
38.52 
38.18 
38.02 
38.44 
38.31 
38.31 
38.41 
38.26 
38.31 
37.84 
38.20 
37.71 
38.18 
38.00 
37.58 
38.10 
37.94 
37.51 
37.51
38.05 
37.35 
37.76 
37.43 
37.79 
37.82 
37.35 
37.61 
37.33 
37.23 
37.20 
37.66 
37.46 
37.46 
37.51 
37.43 
37.05 
37.02 
37.00 
37.35 
37.02 
36.97 
36.97 
37.13 
37.35 
37.33 
37.35 
37.07
37.10 
36.97 
36.97 
37.07 
37.02 
36.97 
37.13 
37.07 
37.02 
36.52 
36.52 
36.97 
36.34 
36.42 
36.47 
36.97 
36.97 
36.37 
36.27 
36.97 
36.97 
36.27 
36.22 
36.97 
36.22 
36.14 
36.97
36.39 
36.02 
36.44 
35.99 
36.47 
36.49 
35.97 
35.82 
36.52 
36.29 
36.02 
36.49 
36.22 
36.27 
36.17 
36.39 
36.39 
36.27 
35.89 
36.37 
36.19 
35.67 
35.84 
35.79
36.17 
35.52 
35.99 
35.64 
35.74 
36.12 
35.99 
35.92 
35.57 
35.79 
35.62 
35.35 
35.82 
35.49 
35.37 
35.82 
35.74 
35.82 
35.35 
35.92 
35.39 
35.30
35.37 
35.30 
35.74 
35.77 
35.30 
35.74 
35.69 
35.30 
35.67 
35.20 
35.35 
35.74 
35.67 
35.57 
35.59 
35.25 
35.27 
35.47 
35.47 
35.17 
35.57 
35.62 
35.12 
35.44 
35.27 
35.42 
35.10 
35.52
35.42 
35.59 
35.39 
35.37 
35.02 
35.30 
34.98 
35.27 
34.95 
35.35 
34.90 
35.30 
35.27 
35.22 
35.17 
34.68 
34.90 
35.22 
34.93 
34.78 
35.22 
35.35 
34.80 
35.30 
34.90 
34.80 
35.22
35.32 
35.22 
34.93 
34.90 
35.10 
35.10 
34.73 
34.98 
35.07 
35.17 
34.95 
34.98 
35.07 
35.07 
34.66 
34.80 
34.58 
35.05 
34.98 
34.95 
34.80 
34.95 
34.90 
35.02 
34.49 
34.49 
34.93 
34.36 
34.53
34.88 
34.90 
34.44 
34.51 
34.80 
34.90 
34.90 
34.88 
34.83 
34.32 
34.44 
34.80 
34.68 
34.90 
34.29 
34.24 
34.83 
34.75 
34.68 
34.68 
34.71 
34.66 
34.27 
34.78 
34.32 
34.71 
34.78
34.56 
34.19 
34.27 
34.66 
34.73 
34.39 
34.56 
34.19 
34.61 
34.63 
34.24 
34.17 
34.63 
34.15 
34.63 
34.44 
34.17 
34.68 
34.32 
34.51 
34.51 
34.49 
34.10 
34.29 
34.68 
34.41 
34.49 
33.93
34.27 
34.12 
34.29 
34.02 
34.41 
34.19 
34.53 
34.29 
34.32 
34.41 
34.00 
34.27 
33.95 
34.29 
34.46 
34.27 
34.39 
34.22 
34.17 
34.32 
34.39 
33.95 
33.90 
33.90 
34.19 
34.32 
34.19 
33.88
34.22 
33.81 
34.46 
34.17 
34.32 
34.17 
34.19 
33.78 
34.27 
34.19 
34.22 
33.76 
34.17 
34.19 
33.85 
34.27 
34.12 
34.00 
33.78 
34.17 
33.81 
33.78 
33.78 
33.78 
33.69 
34.12 
34.15
34.24 
33.69 
34.22 
34.12 
34.02 
34.17 
34.12 
34.17 
33.73 
34.10 
33.61 
34.02 
34.15 
34.10 
34.02 
33.81 
34.07 
33.73 
34.00 
33.66 
34.02 
33.66 
33.54
33.90 
34.00 
34.12 
34.02 
34.15 
33.66 
33.57 
33.64 
34.10 
34.00 
34.15 
34.02 
33.57 
33.93 
33.90 
34.00 
33.88 
33.61 
33.95 
34.00 
33.90 
33.85 
34.02 
33.61 
33.85 
33.57 
33.93
33.93 
33.64 
34.02 
33.93 
33.47 
33.85 
33.78 
33.47 
33.57 
33.90 
33.81 
33.47 
33.37 
34.07 
33.57 
33.69 
33.78 
33.90 
34.02 
33.90 
34.02 
33.78 
33.64 
33.52 
34.05 
33.66 
33.81 
33.95
33.73 
33.90 
33.40 
33.42 
33.78 
33.78 
33.95 
33.76 
33.95 
33.40 
33.45 
33.93 
33.45 
33.47 
33.40 
33.81 
33.57 
33.69 
33.52 
33.52 
33.45 
33.71 
33.52 
33.81 
33.78 
33.78 
33.73 
33.37
33.76 
33.25 
33.78 
33.78 
33.78 
33.85 
33.40 
33.71 
33.71 
33.35 
33.16 
33.76 
33.76 
33.81 
33.73 
33.33 
33.40 
33.33 
33.23 
33.42 
33.37 
33.66 
33.83 
33.64 
33.73 
33.66 
33.69 
33.66
33.64 
33.73 
33.28 
33.73 
33.33 
33.71 
33.40 
33.33 
33.73 
33.66 
33.33 
33.40 
33.33 
33.28 
33.52 
33.37 
33.78 
33.28 
33.57 
33.37 
33.61 
33.40 
33.37 
33.66 
33.40 
33.64 
33.28 
33.71
33.30 
33.13 
33.33 
33.18 
33.59 
33.52 
33.64 
33.25 
33.78 
32.99 
33.71 
33.04 
33.49 
33.13 
33.18 
33.13 
33.28 
33.54 
33.25 
33.37 
33.33 
33.25 
33.37 
33.57 
33.28 
33.33 
33.57 
33.28
33.49 
33.23 
33.52 
33.23 
33.06 
33.61 
33.64 
33.16 
33.18 
33.45 
33.57 
33.47 
33.40 
33.40 
33.13 
33.13 
33.57 
33.09 
33.42 
33.04 
33.13 
33.28 
33.40 
33.40 
33.40 
33.13 
33.40
33.47 
33.09 
33.13 
33.09 
33.40 
33.04 
33.13 
33.09 
33.61 
33.40 
33.52 
33.45 
33.45 
33.40 
33.09 
33.52 
33.28 
33.45 
33.52 
33.69 
32.99 
33.04 
33.23 
33.35 
33.25 
33.37 
33.45 
33.40
33.40 
33.47 
33.52 
32.87 
33.47 
33.40 
33.09 
33.40 
33.40 
33.42 
33.42 
32.94 
33.42 
33.40 
33.42 
33.11 
33.42 
33.40 
33.37 
33.01 
33.13 
33.04 
33.09 
33.06 
33.06 
33.49 
33.42 
33.25
33.40 
33.40 
33.40 
33.45 
33.35 
33.47 
33.04 
33.42 
33.37 
33.40 
33.37 
33.13 
33.40 
32.87 
33.37 
32.94 
33.54 
32.94 
33.37 
33.01 
33.09 
32.97 
33.45 
32.97 
33.47 
33.45 
33.42
33.40 
33.40 
33.30 
32.99 
33.40 
33.40 
33.35 
33.13 
33.25 
33.28 
32.94 
33.16 
32.94 
32.85 
33.35 
33.40 
33.40 
33.40 
33.01 
33.35 
32.97 
33.33 
33.35 
32.85 
33.30 
33.25 
33.06 
33.23
32.87 
33.30 
33.28 
33.33 
33.40 
32.85 
33.37 
33.13