26.49 
26.47 
26.31 
26.38 
26.54 
26.47 
26.43 
26.49 
26.43 
26.43 
26.60 
26.56 
26.43 
26.47 
26.45 
26.60 
26.47 
26.43 
26.65 
26.63 
26.65 
26.60 
26.47 
26.71 
26.71 
26.71 
26.74 
26.76 
26.78 
26.78 
26.76
26.91 
26.78 
26.83 
26.83 
26.91 
26.87 
26.83 
26.80 
26.83 
27.00 
26.96 
26.87 
27.05 
26.96 
27.05 
27.12 
27.05 
27.18 
27.07 
27.14 
27.16 
27.23 
27.23 
27.16 
27.21 
27.25 
27.27
27.34 
27.25 
27.27 
27.36 
27.34 
27.47 
27.36 
27.36 
27.50 
27.50 
27.50 
27.43 
27.68 
27.61 
27.59 
27.54 
27.70 
27.77 
27.63 
27.70 
27.72 
27.81 
27.74 
27.81 
27.86 
27.88 
27.97 
27.95
27.92 
28.17 
27.99 
27.97 
28.01 
28.13 
28.17 
28.15 
28.17 
28.17 
28.19 
28.28 
28.19 
28.40 
28.44 
28.33 
28.28 
28.40 
28.44 
28.49 
28.49 
28.74 
28.53 
28.60 
28.67 
28.76 
28.69 
28.78
28.83 
28.85 
28.92 
28.92 
28.96 
28.94 
28.96 
28.92 
29.05 
29.03 
29.12 
29.08 
29.05 
29.35 
29.31 
29.33 
29.40 
29.40 
29.44 
29.42 
29.58 
29.60 
29.58 
29.63 
29.65 
29.65 
29.74 
29.69
29.65 
29.67 
29.79 
29.79 
29.97 
29.97 
30.04 
29.88 
30.13 
30.04 
30.25 
30.13 
30.22 
30.27 
30.32 
30.38 
30.45 
30.32 
30.45 
30.38 
30.57 
30.71 
30.59 
30.59 
30.69 
30.71 
30.75
30.78 
30.87 
30.87 
30.89 
31.10 
31.13 
30.92 
31.13 
31.06 
31.13 
31.27 
31.34 
31.27 
31.31 
31.45 
31.34 
31.62 
31.52 
31.64 
31.74 
31.76 
31.88 
31.90 
31.81 
31.85 
31.83 
31.90 
31.97
31.92 
32.04 
32.04 
32.09 
32.04 
32.23 
32.23 
32.37 
32.42 
32.47 
32.51 
32.47 
32.63 
32.61 
32.63 
32.70 
32.75 
32.63 
32.78 
32.87 
32.70 
33.04 
33.09 
32.94 
33.04 
33.13 
33.28 
33.16
33.23 
33.40 
33.28 
33.40 
33.33 
33.64 
33.61 
33.61 
33.42 
33.61 
33.90 
33.61 
33.73 
33.78 
33.90 
34.05 
33.88 
34.10 
34.17 
34.05 
34.12 
34.15 
34.19 
34.19 
34.49 
34.44 
34.56 
34.53
34.51 
34.56 
34.71 
34.68 
34.80 
34.80 
34.71 
34.83 
34.98 
34.95 
35.00 
35.22 
34.93 
35.32 
35.17 
35.32 
35.30 
35.57 
35.44 
35.47 
35.47 
35.49 
35.62 
35.72 
35.59 
35.72 
35.82
35.77 
35.84 
36.09 
35.77 
35.79 
36.17 
36.29 
36.17 
36.12 
36.29 
36.14 
36.17 
36.52 
36.97 
36.52 
36.97 
36.97 
36.97 
36.97 
36.97 
36.97 
36.97 
36.97 
37.23 
37.07 
37.28 
37.30 
37.35
37.35 
37.35 
37.35 
37.51 
37.51 
37.53 
37.41 
37.61 
37.84 
37.66 
37.84 
37.84 
38.02 
38.02 
37.97 
38.18 
38.20 
38.18 
38.20 
38.31 
38.39 
38.44 
38.36 
38.41 
38.62 
38.57 
38.62 
38.72 
38.67
38.72 
38.96 
38.75 
38.96 
39.01 
39.01 
39.04 
39.09 
39.20 
39.07 
39.07 
39.41 
39.17 
39.41 
39.14 
39.41 
39.57 
39.67 
39.46 
39.62 
39.83 
39.86 
39.86 
39.86 
40.02 
39.73 
39.89
39.91 
40.05 
39.94 
40.29 
40.16 
40.29 
40.32 
40.42 
40.29 
40.42 
40.59 
40.69 
40.67 
40.72 
40.91 
40.80 
40.72 
40.80 
40.89 
40.78 
40.86 
41.08 
40.99 
41.02 
41.08 
41.10 
41.38
41.19 
41.46 
41.60 
41.60 
41.54 
41.60 
41.65 
41.74 
41.79 
41.54 
41.76 
42.04 
41.76 
42.21 
41.90 
41.99 
42.01 
42.07 
42.41 
42.41 
42.46 
42.49 
42.41 
42.29 
42.43 
42.49 
42.32 
42.55
42.80 
42.55 
42.66 
42.74 
43.00 
43.03 
43.08 
43.43 
42.91 
43.14 
43.11 
42.94 
43.03 
43.37 
43.51 
43.40 
43.40 
43.23 
43.14 
43.68 
43.77 
43.68 
43.86 
43.83 
43.86 
43.86 
43.54 
44.35
44.24 
43.86 
44.21 
44.26 
44.18 
44.12 
44.29 
44.26 
44.38 
44.64 
44.70 
44.67 
44.47 
44.50 
45.06 
44.38 
44.70 
44.88 
44.62 
45.06 
45.24 
45.27 
45.12 
45.27 
45.27 
45.27 
45.21
45.30 
45.42 
45.27 
45.45 
45.66 
45.48 
45.72 
44.97 
45.36 
45.87 
47.06 
45.90 
45.30 
46.23 
45.99 
46.02 
46.20 
45.93 
46.23 
45.87 
46.23 
46.23 
46.69 
46.29 
46.26 
46.44 
45.90 
46.41
46.41 
46.23 
46.66 
46.75 
46.44 
46.78 
45.87 
46.51 
46.94 
46.91 
46.23 
47.03 
47.15 
46.69 
48.06 
47.22 
47.22 
47.37 
46.94 
47.22 
47.25 
47.03 
47.56 
47.87 
47.68 
47.75 
47.68 
47.75 
47.18
47.65 
47.46 
47.18 
47.87 
48.00 
47.43 
47.72 
48.06 
47.37 
48.03 
48.22 
48.57 
47.34 
48.13 
48.22 
48.29 
47.94 
48.51 
47.62 
48.19 
48.41 
48.22 
49.22 
48.70 
48.57 
48.29 
48.80 
48.51
48.64 
49.75 
49.22 
48.93 
49.29 
47.87 
48.74 
49.25 
49.09 
49.06 
49.06 
49.09 
49.25 
49.32 
49.25 
49.39 
50.35 
49.35 
50.21 
50.24 
50.78 
49.61 
50.24 
50.88 
49.71 
49.75 
49.25
50.75 
49.91 
49.78 
49.85 
49.95 
50.11 
50.31 
50.21 
49.81 
50.31 
50.65 
50.08 
50.31 
50.01 
49.85 
49.81 
49.48 
49.78 
50.31 
51.99 
50.21 
50.31 
50.08 
49.78 
50.41 
50.75 
50.61
51.09 
50.78 
50.55 
51.19 
51.71 
51.19 
51.05 
50.88 
51.23 
51.40 
50.78 
52.16 
51.40 
51.36 
50.41 
51.09 
52.13 
50.88 
51.64 
50.95 
51.19 
51.36 
51.64 
52.02 
51.50 
52.69 
52.51 
51.99 
52.76
53.66 
51.57 
52.13 
52.41 
51.99 
52.58 
52.27 
51.26 
52.16 
52.27 
52.48 
52.48 
52.55 
53.70 
52.30 
54.06 
52.62 
52.90 
52.06 
52.51 
52.83 
52.51 
52.69 
52.72 
51.99 
53.19 
52.83 
53.15
52.51 
52.65 
52.65 
53.05 
52.97 
53.59 
54.25 
53.70 
52.23 
52.27 
53.55 
53.33 
53.41 
55.07 
53.62 
53.62 
53.44 
53.19 
53.84 
52.51 
53.84 
55.45 
53.26 
53.62 
53.99 
54.84 
54.17
53.88 
53.66 
54.92 
53.30 
54.14 
53.70 
53.66 
54.25 
54.25 
53.33 
54.50 
56.06 
54.73 
54.73 
54.65 
54.73 
54.50 
54.73 
54.58 
55.07 
54.58 
53.70 
54.73 
54.73 
54.69 
54.62 
54.25 
54.77
54.50 
56.92 
53.77 
53.84 
55.07 
55.18 
54.95 
55.26 
55.22 
54.06 
55.18 
54.73 
55.22 
55.45 
56.33 
54.88 
55.52 
56.76 
55.45 
56.10 
55.83 
54.36 
56.02 
54.25 
55.26 
54.88 
56.06 
55.94
55.22 
57.28 
56.45 
55.83 
56.06 
55.71 
56.18 
57.12 
57.36 
56.10 
56.29 
56.18 
55.67 
56.61 
54.95 
56.18 
56.64 
56.45 
56.06 
56.25 
56.49 
55.87 
55.52 
56.45 
55.98 
57.08 
56.14 
56.10
56.06 
56.68 
56.29 
56.72 
56.10 
54.92 
56.80 
56.68 
57.72 
57.32 
56.61 
56.06 
56.92 
57.20 
58.50 
57.12 
56.57 
57.20 
57.32 
57.32 
58.17 
56.10 
57.20 
57.44 
57.32 
56.68 
56.72
57.96 
58.62 
57.72 
59.29 
57.48 
57.76 
57.80 
57.08 
58.87 
58.33 
58.05 
58.01 
58.75 
57.12 
58.21 
57.92 
58.05 
58.09 
57.96 
57.24 
56.68 
58.17 
56.92 
57.56 
58.17 
58.71 
58.62 
59.93
58.09 
58.13 
59.38 
58.42 
58.62 
58.05 
58.05 
58.58 
59.00 
58.91 
58.42 
58.54 
58.37 
57.52 
57.32 
58.21 
58.71 
59.55 
59.67 
58.83 
60.06 
57.48 
59.00 
58.25 
60.02 
58.66 
58.66 
59.08
58.71 
58.87 
58.96 
58.66 
58.79 
59.04 
58.37 
57.52 
59.76 
59.16 
59.50 
58.62 
58.83 
59.12 
58.17 
60.84 
59.29 
59.67 
59.29 
59.33 
58.33 
59.50 
59.33 
58.87 
59.42 
61.20 
59.16 
58.62
60.67 
59.46 
61.47 
59.72 
59.76 
59.97 
59.50 
59.84 
57.76 
59.00 
59.16 
60.19 
60.76 
59.97 
59.97 
59.97 
61.96 
60.45 
60.58 
58.58 
59.29 
59.00 
58.75 
59.80 
59.29 
59.72 
60.71
61.42 
61.38 
61.38 
61.51 
60.76 
61.15 
61.11 
60.67 
62.51 
60.62 
60.10 
60.98 
61.42 
60.36 
62.23 
59.29 
62.33 
60.58 
60.10 
60.93 
59.55 
58.83 
61.06 
60.28 
61.33 
61.47 
60.36 
61.60
61.55 
59.12 
62.33 
60.67 
61.47 
60.80 
61.11 
61.92 
58.83 
61.55 
61.38 
61.38 
62.37 
62.19 
61.42 
60.93 
61.96 
61.33 
60.10 
60.58 
61.15 
61.38 
61.38 
61.38 
62.74 
61.06 
60.54 
61.29
61.33 
62.01 
62.01 
60.58 
61.69 
61.69 
62.70 
60.67 
62.05 
61.15 
62.01 
59.33 
61.51 
61.47 
61.29 
62.33 
61.78 
62.14 
61.87 
62.10 
61.83 
62.70 
61.11 
61.87 
60.71 
61.33 
62.88 
62.01
62.01 
61.55 
61.29 
62.83 
62.51 
60.93 
62.10 
61.83 
62.70 
62.14 
62.23 
62.65 
62.33 
60.71 
62.88 
61.60 
61.11 
64.11 
62.56 
62.70 
62.97 
63.02 
63.59 
63.78 
62.37 
62.42 
64.36 
61.38
61.15 
62.37 
62.88 
61.55 
63.87 
62.83 
63.92 
62.56 
63.40 
63.12 
60.89 
63.26 
62.60 
62.60 
62.05 
64.36 
64.02 
63.54 
64.21 
63.07 
63.68 
64.02 
63.83 
63.45 
62.42 
60.89 
63.12
63.68 
63.54 
61.64 
64.45 
61.51 
63.83 
62.23 
63.30 
64.02 
66.46 
62.28 
64.07 
62.60 
63.73 
63.07 
62.83 
62.60 
63.21 
61.20 
64.65 
63.54 
63.68 
64.50 
64.36 
67.35 
62.14 
65.09 
63.64
63.92 
62.93 
63.87 
65.49 
63.87 
63.83 
63.87 
62.88 
62.70 
64.75 
63.59 
62.79 
61.96 
62.79 
64.36 
62.51 
65.04 
61.96 
65.85 
64.50 
64.36 
64.80 
62.74 
68.10 
64.21 
64.31 
63.16 
66.15
62.83 
64.55 
63.87 
64.45 
63.07 
67.35 
64.65 
65.74 
62.83 
64.36 
64.50 
62.56 
64.99 
62.83 
66.31 
65.19 
64.60 
65.44 
64.70 
65.69 
64.90 
64.45 
64.45 
65.14 
63.83 
66.00 
67.24 
63.92
62.60 
64.65 
68.21 
66.46 
64.85 
62.83 
64.70 
63.54 
64.02 
63.64 
65.29 
65.14 
63.40 
65.69 
62.60 
66.41 
63.68 
64.65 
64.99 
61.60 
64.80 
63.64
65.49 
62.05 
67.72 
65.29 
65.29 
64.41 
64.60 
63.59 
66.31 
62.83 
65.90 
66.31 
65.44 
71.21 
70.80 
65.49 
65.49 
65.59 
63.73 
69.03 
65.29 
63.26 
66.72 
62.79 
63.59 
63.97 
66.51 
67.67
65.69 
65.29 
64.90 
65.59 
65.69 
65.29 
73.73 
63.54 
66.20 
64.26 
65.90 
65.59 
65.95 
66.05 
65.95 
65.19 
64.21 
65.95 
65.80 
66.00 
65.95 
65.14 
64.21 
66.15 
71.57 
66.00 
65.95 
66.77
64.60 
65.90 
66.10 
65.34 
65.44 
63.26 
65.90 
66.25 
64.02 
65.19 
64.50 
65.85 
65.90 
64.65 
65.59 
67.14 
66.67 
67.61 
63.59 
65.85 
64.41 
66.46 
65.19 
65.95 
66.41 
66.77 
66.62 
67.30
66.25 
66.67 
67.51 
66.10 
66.77 
67.24 
66.93 
64.75 
66.00 
67.14 
64.36 
66.72 
63.73 
67.08 
66.77 
64.80 
67.67 
67.45 
65.14 
65.29 
66.93 
66.72 
66.67 
67.08 
67.88 
67.03 
67.24
64.36 
66.62 
67.35 
66.88 
65.24 
67.14 
67.45 
73.86 
66.41 
65.85 
67.03 
67.03 
64.07 
66.41 
63.68 
67.61 
64.55 
65.04 
67.56 
67.88 
67.61 
65.95 
66.72 
67.30 
64.50 
66.72 
64.50 
67.56
67.77 
65.95 
67.08 
68.53 
64.36 
67.35 
65.74 
67.03 
66.77 
67.61 
67.51 
66.10 
67.03 
67.56 
67.61 
67.56 
67.56 
67.61 
67.61 
67.56 
66.72 
67.45 
67.03 
66.67 
63.26 
68.48 
68.32 
66.88
64.26 
67.61 
68.42 
64.21 
68.10 
73.04 
68.53 
69.70 
68.81 
67.35 
67.67 
68.59 
68.21 
68.53 
66.25 
69.37 
67.61 
67.94 
69.37 
70.10 
66.00 
67.51 
68.48 
66.88 
65.24 
66.62 
68.15 
68.32
67.35 
67.67 
65.74 
67.61 
66.88 
68.15 
69.37 
74.97 
68.42 
66.77 
68.48 
67.94 
69.37 
66.77 
67.61 
67.56 
68.37 
69.42 
66.77 
67.67 
69.37 
68.37 
67.67 
66.72 
65.95 
67.67 
70.80
65.59 
67.14 
77.66 
67.56 
67.83 
68.21 
66.88 
69.42 
70.28 
68.48 
69.42 
68.10 
67.08 
68.48 
69.99 
67.03 
69.37 
66.82 
71.99 
68.70 
80.20 
67.51 
67.14 
74.58 
68.48 
69.99 
69.53 
66.67
67.88 
68.32 
66.41 
66.98 
67.61 
67.45 
67.88 
67.77 
71.03 
68.21 
68.70 
67.67 
65.95 
74.90 
65.95 
67.56 
67.45 
67.67 
67.61 
66.93 
67.08 
76.39 
70.10 
68.48 
69.37 
67.61 
70.33 
67.19
68.97 
69.82 
68.75 
67.03 
67.24 
69.37 
69.37 
67.45 
69.03 
72.17 
67.61 
67.61 
66.93 
67.45 
69.37 
68.81 
68.15 
67.67 
73.10 
69.65 
67.51 
68.48 
68.64 
71.21 
67.35 
69.76 
66.77
71.21 
65.39 
70.80 
69.20 
67.24 
67.61 
66.82 
66.46 
69.93 
79.74 
70.33 
71.27 
67.45 
69.87 
67.61 
63.54 
70.92 
67.24 
70.57 
69.03 
69.48 
70.68 
66.82 
67.56 
70.86 
67.51 
67.51 
68.48
68.64 
67.19 
81.54 
67.56 
67.94 
69.48 
67.45 
79.66 
69.37 
69.37 
67.24 
69.70 
69.48 
67.35 
68.48 
68.64 
67.94 
70.51 
67.30 
68.48 
68.15 
69.37 
66.77 
71.03 
66.77 
69.37 
69.09 
69.42
69.37 
69.09 
67.45 
67.77 
67.45 
66.77 
68.97 
68.75 
66.93 
67.51 
69.37 
69.87 
65.64 
67.61 
67.72 
65.85 
66.98 
68.21 
69.93 
67.67 
67.61 
65.80 
65.74 
67.51 
65.09 
65.95 
70.28 
67.61
79.89 
67.08 
69.70 
65.69 
65.59 
67.88 
67.35 
65.14 
65.85 
65.24 
67.35 
67.61 
68.42 
68.32 
65.29 
68.21 
67.51 
67.88 
65.80 
65.44 
65.44 
65.39 
65.19 
65.29 
65.59 
64.50 
65.29
63.73 
64.21 
66.15 
64.36 
66.51 
61.02 
64.85 
62.97 
63.59 
62.79 
64.26 
63.26 
63.12 
63.07 
62.88 
62.60 
62.19 
62.23 
62.14 
61.83 
61.64 
61.38 
64.07 
61.55 
61.64 
61.29 
61.38 
60.58
61.15 
60.98 
59.97 
59.93 
60.06 
59.67 
59.29 
59.12 
59.25 
60.93 
59.00 
58.66 
59.29 
58.42 
58.66 
58.01 
57.96 
58.62 
58.46 
58.42 
57.40 
57.60 
57.32 
57.12 
56.88 
57.16 
57.16 
56.33
56.49 
56.06 
56.06 
55.83 
56.02 
56.06 
56.21 
55.45 
55.79 
54.92 
54.84 
55.52 
54.88 
54.58 
54.50 
54.17 
54.65 
54.36 
54.50 
53.70 
54.14 
53.66 
53.88 
53.66 
53.41 
53.19 
52.83 
53.55
53.01 
52.65 
51.99 
52.90 
52.34 
52.41 
52.51 
52.34 
51.57 
51.43 
51.60 
50.95 
50.88 
50.82 
50.65 
51.40 
51.16 
50.88 
50.75 
50.11 
50.48 
50.35 
50.08 
49.75 
49.81 
49.42 
49.98 
49.78
49.35 
49.22 
49.45 
49.25 
49.35 
48.57 
49.03 
49.09 
48.22 
48.16 
48.77 
48.67 
48.54 
47.81 
47.81 
47.87 
48.16 
47.53 
47.84 
47.53 
47.62 
47.65 
47.40 
46.69 
47.25 
47.22 
46.66
47.03 
46.38 
46.63 
46.23 
46.32 
46.02 
46.54 
46.11 
46.23 
45.57 
46.14 
45.48 
45.81 
45.57 
45.75 
45.57 
45.24 
45.66 
45.60 
45.42 
45.30 
45.27 
45.18
45.18 
44.47 
44.64 
44.35 
44.38 
44.32 
44.12 
44.62 
44.50 
43.89 
44.00 
44.15 
44.24 
44.18 
43.92 
43.89 
44.00 
43.48 
43.25 
43.34 
43.68 
43.34 
43.45 
42.80 
43.37 
43.28 
42.74 
43.31
43.20 
42.94 
42.97 
42.57 
42.49 
42.29 
42.18 
42.49 
42.66 
42.10 
42.55 
42.35 
41.85 
42.24 
41.60 
42.07 
42.18 
42.13 
41.85 
41.85 
41.85 
41.21 
41.19 
41.74 
41.57 
41.57 
41.57
41.52 
41.32 
41.52 
41.30 
40.80 
41.21 
41.16 
40.72 
40.91 
40.78 
40.86 
40.80 
40.72 
40.34 
40.64 
40.16 
40.51 
39.86 
40.13 
39.94 
39.94 
39.89 
40.40 
39.81 
40.24 
39.70 
39.78 
39.91
39.99 
39.41 
40.05 
39.86 
39.94 
39.73 
39.33 
39.17 
39.70 
39.09 
39.04 
39.04 
39.04 
39.46 
39.51 
39.01 
39.25 
39.01 
39.25 
38.70 
39.14 
39.09 
39.12 
38.70 
39.01 
38.54 
38.36 
38.96
38.46 
38.44 
38.83 
38.49 
38.23 
38.23 
38.26 
38.26 
38.33 
38.18 
38.54 
38.54 
38.00 
38.44 
38.41 
37.79 
38.41 
37.94 
38.00 
38.20 
37.97 
38.26 
38.20 
38.00 
37.41 
37.61 
37.46 
37.61
37.89 
37.94 
37.35 
37.46 
37.61 
37.92 
37.84 
37.76 
37.53 
37.61 
37.76 
37.43 
37.71 
37.46 
37.18 
37.10 
37.35 
37.41 
37.43 
37.13 
37.35 
37.46 
37.41 
37.25 
36.97 
37.33 
36.97
36.97 
36.97 
37.20 
37.05 
36.97 
37.07 
36.97 
37.10 
37.13 
36.97 
36.97 
37.02 
36.49 
36.97 
36.97 
36.97 
36.97 
36.97 
36.37 
36.97 
36.97 
36.97 
36.52 
36.97 
36.19 
36.52 
36.52 
36.02
35.99 
36.44 
36.49 
36.47 
36.97 
36.29 
35.97 
36.42 
35.79 
36.17 
36.29 
35.87 
36.27 
35.74 
36.14 
36.22 
35.79 
36.02 
36.14 
35.89 
36.22 
35.67 
35.47 
35.72 
35.67 
35.57 
36.02
35.77 
35.87 
35.87 
35.89 
35.79 
35.87 
35.74 
35.97 
35.59 
35.47 
35.84 
35.74 
35.42 
35.57 
35.35 
35.57 
35.35 
35.22 
35.30 
35.30 
35.67 
35.69 
35.59 
35.27 
35.07 
35.57 
35.22 
35.62
35.17 
35.05 
35.32 
35.05 
34.95 
35.62 
35.35 
35.47 
35.10 
35.39 
35.35 
35.35 
35.37 
35.39 
35.17 
35.27 
35.37 
34.95 
34.95 
35.35 
35.17 
35.20 
34.83 
34.93 
34.90 
35.20 
35.22 
34.95
34.83 
35.25 
35.07 
34.95 
35.07 
34.83 
34.83 
34.95 
34.68 
35.10 
34.58 
34.66 
34.66 
34.98 
34.88 
34.85 
34.61 
34.61 
35.00 
34.68 
34.71 
34.41 
34.95 
34.90 
34.56 
34.88 
34.53 
34.17
34.80 
34.88 
34.24 
34.22 
34.78 
34.80 
34.68 
34.58 
34.68 
34.83 
34.95 
34.73 
34.29 
34.19 
34.29 
34.61 
34.71 
34.12 
34.68 
34.71 
34.63 
34.24 
34.56 
34.00 
34.56 
34.17 
34.53 
34.53
34.17 
34.49 
34.17 
34.17 
34.58 
34.56 
34.24 
34.61 
34.53 
34.29 
34.07 
34.41 
34.46 
34.39 
34.44 
34.53 
33.95 
34.44 
34.39 
34.15 
34.17 
34.41 
34.19 
34.36 
34.34 
34.29 
34.02 
34.29
33.90 
34.15 
34.17 
34.17 
34.17 
34.19 
34.24 
34.05 
34.15 
33.78 
34.17 
34.15 
34.17 
33.73 
33.73 
34.22 
34.15 
33.64 
34.17 
34.29 
33.66 
34.24 
34.24 
34.10 
33.81 
34.10 
34.15 
34.12
33.78 
33.85 
33.76 
34.17 
34.15 
33.33 
34.07 
33.23 
33.49 
33.66 
33.95 
34.10 
33.95 
34.17 
33.52 
34.02 
34.00 
33.57 
33.57 
34.10 
34.00 
33.52
33.57 
33.93 
34.00 
34.00 
33.06 
33.78 
34.02 
34.02 
33.54 
33.40 
33.90 
33.61 
33.42 
33.52 
33.42 
33.85 
33.93 
34.05 
33.42 
34.19 
33.42 
33.81 
33.49 
33.37 
33.52 
33.40 
33.61 
34.02
33.42 
33.76 
33.40 
33.90 
33.83 
33.37 
33.52 
33.76 
33.78 
33.40 
33.45 
33.06 
33.40 
33.40 
33.40 
33.40 
33.40 
33.76 
33.76 
33.78 
33.73 
33.83 
33.71 
32.89 
33.71 
33.25 
33.37
33.98 
33.76 
33.73 
33.71 
33.66 
33.81 
33.47 
33.73 
33.76 
33.33 
33.81 
33.11 
33.76 
33.66 
33.64 
33.73 
33.54 
33.71 
33.76 
33.23 
33.64 
33.30 
33.23 
33.66 
33.13 
33.40 
33.28 
33.40
33.54 
33.23 
33.28 
33.30 
33.16 
33.16 
33.11 
33.64 
33.49 
33.09 
33.28 
33.45 
33.61 
33.21 
33.61 
33.71 
33.35 
33.59 
33.47 
33.42 
33.13 
33.57 
33.45 
33.71 
33.57 
33.18 
33.45 
33.33
33.52 
33.42 
32.94 
33.23 
33.16 
33.42 
33.33 
33.54 
33.09 
33.35 
33.57 
33.42 
33.42 
33.42 
33.04 
33.47 
33.40 
31.92 
33.54 
33.40 
32.99 
33.28 
33.23 
33.06 
32.99 
33.40 
33.25 
33.28
33.42 
33.04 
33.49 
33.40 
33.13 
33.23 
33.37 
33.11 
33.40 
33.37 
32.99 
33.40 
32.73 
33.40 
32.63 
32.99 
33.06 
32.56 
32.97 
33.40 
32.89 
32.89 
32.99 
33.35 
33.25 
32.92 
33.30 
32.97
32.92 
33.37 
33.01 
33.40 
33.28 
32.54 
32.94 
33.40 
33.40 
33.40 
33.35 
33.42 
32.94 
32.99 
32.87 
33.25 
33.35 
33.28 
33.28 
33.33 
33.37 
33.28 
32.89 
33.25 
33.33 
33.23 
33.30 
33.33
33.01 
33.16 
33.18 
33.01 
33.16 
33.09 
33.23 
32.80 
33.28 
33.28 
33.13 
32.89 
32.92 
33.23 
33.25 
33.30 
33.23 
32.99 
32.99 
32.85 
32.70 
32.94 
32.78 
33.35 
33.37 
33.13 
33.18
33.23 
33.28 
32.75 
33.21 
33.06 
33.18 
33.13 
33.16 
32.61 
33.09 
32.68 
32.68 
33.09 
33.18 
33.21 
33.28 
33.09 
33.13 
33.13 
33.01 
32.87 
33.23 
33.16 
32.66 
32.70 
32.94 
33.09
32.75 
32.89 
32.85 
32.78 
32.68 
32.85 
33.16 
33.09 
33.23 
33.16 
33.25 
33.35 
33.13 
33.06 
32.66 
32.59 
32.97 
33.18 
31.97 
32.75 
32.97 
32.87 
33.23 
33.06 
32.80 
33.13 
33.23 
33.16 
33.16
33.13 
33.04 
33.23 
32.68 
33.13 
33.06 
33.09 
32.73 
32.75 
32.87 
32.63 
33.06 
33.11 
33.01 
33.09 
32.75 
33.01 
33.04 
33.06 
33.21 
33.09 
32.63 
33.01 
33.01
32.66 
33.06 
32.63 
33.04 
33.18 
32.82 
32.75 
33.04 
32.68 
31.83 
32.89 
33.09 
33.09 
32.63 
32.70 
33.06 
33.09 
33.06 
32.94 
32.99 
32.75 
33.04 
33.04 
32.99 
32.47 
33.04 
32.80 
32.99 
33.06
33.09 
33.04 
33.09 
33.01 
33.33 
32.49 
33.06 
32.66 
32.75 
32.87 
32.68 
33.01 
32.99 
33.04 
33.13 
32.97 
33.09 
32.99 
33.13 
32.63 
32.70 
33.04 
32.99 
32.63 
33.11 
32.94 
31.06 
33.04
33.01 
32.87 
33.01 
32.75 
32.89 
33.11 
33.04 
32.66 
33.01 
32.97 
33.01 
33.01 
32.99 
32.99 
32.66 
32.94 
32.97 
32.63 
32.99 
33.06 
32.89 
33.06 
32.70 
32.97 
32.80 
32.85 
32.99
32.89 
33.16 
32.63 
33.06 
33.04 
33.11 
32.78 
33.04 
32.80 
32.97 
33.01 
33.06 
33.06 
33.16 
32.51 
33.23 
32.87 
32.66 
33.04 
32.68 
33.01 
33.01 
32.04 
32.56 
32.94 
32.87 
33.04 
32.68 
33.06
32.99 
33.04 
33.01 
32.89 
32.68 
32.70 
32.30 
32.94 
32.97 
32.99 
32.70 
32.63 
32.32 
32.99 
32.87 
33.04 
32.87 
32.87 
32.85 
32.97 
33.09 
33.04 
32.47 
32.68 
32.97 
32.85 
32.89 
32.51
32.47 
30.06 
32.89 
32.63 
33.06 
32.66 
32.99 
32.87 
32.97 
32.47 
32.32 
32.94 
32.89 
32.63 
32.75 
32.32 
32.66 
33.01 
32.47 
32.21 
32.80 
32.66
32.70 
33.01 
33.01 
32.99 
32.75 
33.13 
33.09 
32.40 
32.51 
32.92 
33.11 
32.51 
31.24 
32.99 
32.89 
32.40 
32.09 
32.66 
32.70 
32.94 
32.40 
32.85 
32.75 
32.61 
32.63 
32.89 
32.56 
31.90
32.80 
32.73 
32.54 
32.11 
32.94 
32.66 
32.82 
32.85 
32.30 
32.94 
32.85 
32.87 
32.75 
32.75 
32.42 
32.78 
32.49 
32.40 
32.87 
32.94 
32.61 
32.78 
32.80 
32.78 
32.87 
32.70 
32.89 
32.51 
32.87 
32.85 
32.70 
32.49 
32.51 
32.49 
32.25 
32.78 
32.80 
32.49 
32.63 
32.85 
32.70 
32.80 
32.09 
32.37 
32.42 
32.49 
32.73 
32.37 
32.78 
32.70 
31.50 
32.68 
32.75 
32.42 
32.80 
32.78 
32.78 
32.85 
32.80 
32.85 
32.56 
32.89 
32.87 
32.85 
32.54 
31.66 
32.78 
32.66 
32.47 
32.47 
32.30 
32.28 
32.63 
32.56 
32.97 
32.80 
32.37 
32.80 
32.70 
32.28 
32.75 
32.70 
32.32 
32.49 
32.75 
32.21 
32.70 
32.89 
32.70 
32.70 
32.51 
32.66 
32.78 
32.32 
32.61 
32.78 
32.40 
32.66 
32.66 
32.25 
32.70 
32.59 
32.87 
31.06 
32.40 
32.66 
32.37 
32.49 
32.97 
32.73 
32.75 
32.32 
32.66 
32.85 
32.70 
32.80 
32.97 
32.73 
32.75 
32.32 
32.66 
32.85 
32.70 
32.80 
32.94 
33.40 
32.47 
32.94 
31.97 
32.51 
32.68 
32.87 
32.47 
32.49 
32.70 
32.09 
32.37 
32.85 
32.61 
32.47 
32.78 
32.49 
32.78 
32.63 
32.97 
32.37 
32.54 
32.87 
32.78 
32.73 
32.61 
32.78 
32.63 
32.75 
32.49 
32.75 
32.97 
32.40 
32.97 
32.63 
32.85 
32.09 
32.89 
32.97 
32.63 
32.87 
32.78 
32.87 
32.42 
32.63 
32.85 
32.80 
32.80 
32.63 
32.47 
32.89 
32.63 
32.94 
32.66 
32.32 
32.97 
32.85 
32.94 
32.63 
32.85 
32.49 
32.35 
32.75 
32.97 
32.32 
32.63 
32.68 
32.66 
32.56 
31.99 
32.92 
32.87 
32.59 
31.88 
32.49 
32.59 
32.61 
32.35 
32.42 
32.61 
32.56 
31.71 
32.59 
32.89 
32.97 
32.40 
32.66 
32.75 
32.75 
32.59 
32.28 
32.47 
33.04 
32.87 
32.51 
32.56 
32.42 
32.47 
33.61 