26.05 
26.11 
26.05 
26.05 
26.09 
26.07 
26.03 
26.07 
26.09 
26.07 
26.07 
26.18 
26.20 
26.05 
26.18 
26.11 
26.23 
26.00 
26.03 
26.29 
26.00 
26.16 
26.05 
26.18 
26.29 
26.11 
26.34 
26.34 
26.18 
26.16 
26.20 
26.25
26.34 
26.29 
26.29 
26.27 
26.20 
26.29 
26.25 
26.43 
26.43 
26.56 
26.38 
26.63 
26.51 
26.51 
26.51 
26.56 
26.51 
26.54 
26.56 
26.80 
26.67 
26.63 
26.76 
26.76 
26.76 
26.76 
26.83 
26.78 
26.78 
26.78 
26.91
26.78 
26.91 
26.98 
26.83 
27.00 
26.87 
26.78 
27.00 
27.05 
27.00 
26.96 
27.07 
27.16 
27.25 
27.27 
27.38 
27.16 
27.36 
27.27 
27.45 
27.47 
27.34 
27.47 
27.54 
27.54 
27.52 
27.50 
27.56 
27.68 
27.81 
27.77 
27.72 
27.86
27.81 
27.95 
27.83 
27.88 
28.06 
28.06 
28.19 
28.19 
28.06 
28.19 
28.19 
28.19 
28.22 
28.22 
28.40 
28.33 
28.67 
28.49 
28.51 
28.67 
28.67 
28.67 
28.58 
28.78 
28.71 
28.69 
28.85 
28.85 
28.83 
29.03 
28.87
29.05 
29.12 
28.96 
28.99 
29.12 
29.12 
29.12 
29.33 
29.42 
29.28 
29.40 
29.35 
29.51 
29.56 
29.60 
29.67 
29.65 
29.69 
29.69 
29.79 
29.79 
29.69 
29.81 
29.90 
29.90 
30.08 
30.11 
30.18 
30.34 
30.25 
30.18
30.36 
30.38 
30.43 
30.27 
30.41 
30.41 
30.43 
30.59 
30.59 
30.62 
30.64 
30.69 
30.69 
30.82 
30.87 
30.80 
30.89 
30.92 
31.08 
31.10 
31.10 
31.17 
31.06 
31.27 
31.10 
31.20 
31.34 
31.36 
31.34 
31.48 
31.71
31.48 
31.62 
31.71 
31.69 
31.76 
31.85 
31.88 
31.90 
31.88 
32.09 
31.92 
31.99 
32.32 
32.14 
32.18 
32.32 
32.23 
32.28 
32.40 
32.56 
32.49 
32.40 
32.61 
32.85 
32.73 
32.80 
32.85 
32.75 
32.94 
32.94 
32.78
33.01 
33.18 
33.37 
33.40 
33.30 
33.42 
33.40 
33.40 
33.40 
33.40 
33.61 
33.71 
33.78 
33.83 
33.88 
33.90 
33.85 
34.02 
34.02 
34.17 
34.17 
33.93 
34.15 
34.32 
34.29 
34.44 
34.49 
34.44 
34.39 
34.61 
34.73
34.73 
34.51 
34.88 
34.88 
34.83 
34.95 
34.95 
35.00 
35.02 
34.98 
35.20 
35.27 
35.32 
35.32 
35.42 
35.47 
35.39 
35.59 
35.49 
35.64 
35.72 
35.79 
35.82 
35.92 
35.74 
35.79 
36.07 
36.04 
36.19 
36.12 
36.24
36.19 
36.32 
36.97 
36.52 
36.97 
36.97 
36.97 
36.97 
36.97 
37.05 
37.18 
37.10 
37.33 
37.33 
37.38 
37.33 
37.35 
37.69 
37.69 
37.74 
37.84 
37.71 
37.79 
37.89 
37.92 
38.13 
38.18 
38.26 
38.26 
38.31 
38.33
38.44 
38.59 
38.41 
38.75 
38.57 
38.72 
38.83 
38.99 
38.86 
38.99 
39.01 
39.25 
39.17 
39.25 
39.33 
39.41 
39.49 
39.43 
39.57 
39.78 
39.70 
39.81 
39.83 
39.94 
39.91 
39.91 
40.21 
40.29 
40.34 
40.29 
40.29
40.45 
40.59 
40.59 
40.69 
40.67 
40.72 
40.78 
40.80 
40.91 
40.99 
40.91 
41.02 
41.05 
41.08 
41.32 
41.41 
41.46 
41.54 
41.57 
41.65 
41.63 
41.60 
41.68 
41.74 
41.79 
42.01 
42.04 
42.07 
42.07 
42.21 
42.21
42.35 
42.32 
42.41 
42.55 
42.49 
42.49 
42.74 
42.55 
42.80 
42.77 
42.86 
42.94 
42.97 
43.03 
43.20 
42.97 
43.31 
43.40 
43.45 
43.11 
43.34 
43.34 
43.48 
43.83 
43.68 
43.66 
43.54 
43.92 
43.89 
43.89
43.94 
43.86 
44.12 
44.00 
44.06 
44.32 
44.32 
44.32 
44.32 
44.47 
44.59 
44.35 
44.94 
44.76 
44.76 
44.47 
44.73 
44.94 
44.82 
45.09 
44.97 
45.27 
45.18 
45.24 
45.48 
45.24 
45.54 
45.42 
45.33 
45.48
45.75 
45.30 
45.75 
46.05 
46.02 
45.84 
46.20 
46.08 
46.29 
46.26 
46.14 
46.26 
46.51 
46.29 
46.60 
46.60 
46.63 
46.72 
46.94 
47.12 
47.03 
47.25 
47.00 
46.87 
46.87 
47.09 
47.00 
47.28 
47.43 
47.31
46.78 
47.50 
47.03 
47.62 
47.62 
47.72 
47.75 
47.68 
47.94 
47.84 
48.00 
47.62 
48.06 
48.29 
48.00 
48.22 
48.22 
48.22 
48.22 
48.32 
48.25 
48.38 
48.38 
48.32 
48.54 
48.57 
48.25 
48.67 
48.51 
48.77
49.45 
49.06 
48.86 
48.90 
48.29 
49.22 
48.80 
49.16 
49.32 
49.32 
49.19 
49.42 
49.16 
49.58 
48.74 
49.71 
49.35 
49.91 
49.85 
49.78 
50.04 
49.95 
49.95 
49.55 
49.78 
49.39
49.95 
49.78 
50.21 
50.24 
50.21 
50.31 
50.21 
50.08 
49.65 
50.41 
50.35 
50.58 
50.51 
50.41 
50.24 
50.41 
50.61 
50.82 
50.92 
50.92 
50.75 
51.19 
51.29 
50.92 
51.05 
50.78 
51.36 
51.33 
51.23
51.33 
51.99 
51.40 
50.95 
51.40 
51.36 
51.99 
51.23 
51.16 
52.13 
52.09 
52.72 
52.09 
51.16 
51.60 
51.57 
51.99 
52.02 
52.37 
52.41 
52.51 
52.41 
52.58 
52.20 
52.72 
52.51 
52.87 
52.62 
53.08 
52.69
52.97 
52.97 
52.76 
53.30 
53.23 
53.19 
53.37 
53.48 
52.97 
52.83 
53.19 
53.84 
54.06 
52.97 
53.55 
53.66 
55.26 
54.84 
53.81 
53.77 
53.41 
53.66 
54.36 
54.17 
54.21 
54.10 
54.25 
54.02 
54.58 
54.80 
54.32
54.25 
54.77 
55.26 
53.66 
53.73 
54.80 
55.03 
54.84 
54.73 
55.98 
54.80 
55.10 
54.84 
54.84 
54.62 
55.48 
55.91 
54.65 
54.84 
55.45 
55.33 
54.73 
54.47 
55.41 
55.29 
55.41 
54.95 
56.02 
55.56 
55.94 
54.84
55.83 
56.06 
55.94 
55.67 
55.98 
56.21 
56.06 
56.06 
55.87 
56.76 
56.29 
55.37 
56.10 
56.25 
55.98 
56.84 
56.45 
56.02 
55.56 
56.18 
56.45 
56.68 
56.06 
58.33 
57.04 
57.28 
57.48 
57.12
58.25 
55.79 
56.72 
57.92 
57.32 
57.32 
57.04 
57.36 
57.32 
57.28 
57.40 
57.56 
57.68 
57.28 
58.01 
58.42 
58.87 
58.01 
58.62 
58.37 
57.76 
58.21 
59.93 
58.21 
58.37 
57.88 
58.37 
58.50
58.21 
57.92 
58.37 
58.50 
59.16 
58.42 
59.72 
58.66 
60.19 
58.42 
59.00 
58.83 
58.71 
58.62 
59.59 
58.66 
58.71 
59.29 
59.21 
59.00 
59.29 
57.88 
59.29 
59.33 
59.38 
59.42 
59.29 
59.33 
60.54
59.08 
59.97 
60.19 
60.98 
59.76 
58.05 
59.08 
58.46 
60.36 
60.02 
59.80 
60.28 
59.76 
60.02 
61.38 
59.08 
60.10 
59.97 
60.02 
60.02 
59.97 
60.23 
59.97 
59.38 
59.89 
60.41 
61.38 
60.93 
60.23
60.28 
59.55 
61.33 
60.84 
59.76 
59.72 
61.38 
60.41 
60.93 
61.11 
59.50 
60.80 
59.29 
61.38 
61.38 
62.70 
62.74 
61.06 
61.29 
61.92 
60.76 
59.93 
61.38 
61.42 
62.10 
60.71 
61.83 
60.23 
61.83 
63.45
61.78 
62.05 
62.14 
62.88 
61.83 
62.01 
62.05 
62.14 
62.74 
61.60 
61.96 
62.83 
63.26 
61.29 
62.74 
63.73 
63.64 
61.87 
63.30 
62.51 
63.73 
62.65 
62.56 
62.33 
62.79 
62.65 
61.78 
62.88 
62.60
65.70
62.93 
62.65 
62.83 
62.74 
61.38 
62.37 
63.07 
63.16 
63.49 
63.12 
63.12 
63.07 
63.12 
64.21 
63.49 
63.87 
61.96 
62.05 
64.50 
63.40 
64.45 
63.30 
64.99 
63.87 
64.31 
64.02 
63.54 
63.64 
63.83
64.11 
63.78 
63.97 
64.02 
62.83 
65.39 
65.19 
62.79 
64.11 
64.21 
63.35 
65.19 
64.02 
65.09 
64.11 
64.36 
66.46 
64.16 
65.24 
64.70 
64.36 
64.02 
64.70 
62.83 
64.65 
65.09 
64.80 
63.35 
64.36
64.36 
64.70 
64.85 
65.69 
63.07 
65.04 
64.36 
62.51 
64.07 
65.64 
63.21 
65.14 
63.64 
65.24 
63.87 
65.14 
66.46 
64.99 
64.31 
65.14 
66.93 
66.05 
63.73 
69.42 
64.31 
63.87 
63.92 
65.69 
64.02 
65.19
66.93 
67.35 
66.67 
67.24 
66.93 
67.30 
67.24 
67.67 
65.49 
65.69 
67.45 
67.51 
67.56 
66.82 
67.61 
67.03 
63.64 
66.62 
67.72 
68.75 
65.14 
68.48 
68.64 
68.59 
67.03 
66.77 
70.68 
68.15 
67.03 
67.61 
67.61 
68.37 
68.26 
83.63 
69.65 
67.88 
69.20 
69.03 
67.77 
68.21 
67.61 
67.61 
67.77 
67.14 
71.21 
68.37 
67.94 
68.48 
66.15 
68.42 
70.45 
70.33 
67.61 
67.30 
67.08 
71.63 
67.56 
69.09 
66.77 
69.53 
68.97 
68.37 
79.81 
70.05 
73.04 
69.99 
68.48 
67.61 
65.85 
67.03 
67.03 
66.51 
68.21 
68.97 
66.88 
69.76 
69.25 
67.88 
69.14 
68.48 
67.72 
68.81 
66.62 
72.36 
69.37 
67.45 
71.21 
68.10 
74.06 
67.03 
66.93 
71.15 
69.20 
68.42 
68.48 
69.70 
69.76 
68.37 
68.26 
68.15 
69.99 
67.14 
70.92 
68.15 
87.55 
70.16 
71.57 
67.19 
70.33 
69.37 
84.85 
69.25 
67.61 
67.61 
76.74 
67.61 
68.75 
78.31 
67.61 
67.88 
68.70 
67.94 
67.08 
66.46 
68.97 
68.37 
65.39 
68.75 
67.72 
69.37 
67.77 
66.46 
67.99 
67.14 
67.72 
68.26 
69.37 
67.72 
67.40 
67.83 
67.30 
67.61 
68.48 
67.88 
67.88 
67.56 
64.07 
67.03 
67.45 
67.61 
66.20 
65.24 
73.54 
66.93 
65.04 
65.49 
63.30 
63.83 
66.88 
64.31 
66.46 
65.14 
64.50 
65.29 
64.80 
65.14 
65.95 
64.26 
65.14 
64.11 
64.26 
64.21 
64.55 
62.83 
63.68 
62.83 
66.00 
63.97 
64.36 
64.36 
64.36 
65.04 
60.67 
64.26 
62.56 
62.01 
62.33 
60.62 
62.28 
62.10 
61.78 
61.96 
61.42 
61.78 
61.38 
61.47 
61.55 
61.38 
60.06 
61.38 
61.29 
60.41 
61.38 
60.67 
60.80 
59.97 
60.28 
60.23 
60.62 
60.71 
60.67 
60.06 
60.71 
60.80 
55.64 
55.03 
55.56 
55.52 
55.64 
55.41 
55.45 
55.18 
55.18 
53.81 
54.95 
54.84 
54.80 
54.47 
54.47 
54.50 
54.43 
54.25 
54.06 
54.62 
54.10 
54.25 
54.10 
53.73 
53.73 
53.99 
53.55 
53.73 
53.66 
53.66 
53.55 
53.48 
53.19 
53.19 
53.12 
53.12 
52.83 
52.87 
52.55 
52.51 
52.41 
52.55 
52.83 
52.51 
52.69 
52.34 
52.34 
52.27 
52.06 
51.99 

